[697 295 478 587   0   0   0   0   0   0   0   0   0   0   0   0   0   0
   0   0   0   0   0   0   0]
[336 716 147 387 587   0   0   0   0   0   0   0   0   0   0   0   0   0
   0   0   0   0   0   0   0]
[776 232 151 104 587   0   0   0   0   0   0   0   0   0   0   0   0   0
   0   0   0   0   0   0   0]
[ 94 313 233 104 587   0   0   0   0   0   0   0   0   0   0   0   0   0
   0   0   0   0   0   0   0]
[240 291 147 202 587   0   0   0   0   0   0   0   0   0   0   0   0   0
   0   0   0   0   0   0   0]
[240  47 579 202 587   0   0   0   0   0   0   0   0   0   0   0   0   0
   0   0   0   0   0   0   0]
[831 959 244 587   0   0   0   0   0   0   0   0   0   0   0   0   0   0
   0   0   0   0   0   0   0]
[  5 338 598 229 587   0   0   0   0   0   0   0   0   0   0   0   0   0
   0   0   0   0   0   0   0]
[542 911 959 614 587   0   0   0   0   0   0   0   0   0   0   0   0   0
   0   0   0   0   0   0   0]
[466 836  91 678 587   0   0   0   0   0   0   0   0   0   0   0   0   0
   0   0   0   0   0   0   0]
[379 443  37 848 587   0   0   0   0   0   0   0   0   0   0   0   0   0
   0   0   0   0   0   0   0]
[ 89 722 170 732 587   0   0   0   0   0   0   0   0   0   0   0   0   0
   0   0   0   0   0   0   0]
[291 162 786   3 587   0   0   0   0   0   0   0   0   0   0   0   0   0
   0   0   0   0   0   0   0]
[  3 855 291 425 587   0   0   0   0   0   0   0   0   0   0   0   0   0
   0   0   0   0   0   0   0]
[643  40  22 587   0   0   0   0   0   0   0   0   0   0   0   0   0   0
   0   0   0   0   0   0   0]
[902 169 505  63 587   0   0   0   0   0   0   0   0   0   0   0   0   0
   0   0   0   0   0   0   0]
[582   3 980 309 587   0   0   0   0   0   0   0   0   0   0   0   0   0
   0   0   0   0   0   0   0]
[  3 620 772 309 587   0   0   0   0   0   0   0   0   0   0   0   0   0
   0   0   0   0   0   0   0]
[103 467 657 806 587   0   0   0   0   0   0   0   0   0   0   0   0   0
   0   0   0   0   0   0   0]
[623 781  94 800 587   0   0   0   0   0   0   0   0   0   0   0   0   0
   0   0   0   0   0   0   0]
[606 623  94 800 587   0   0   0   0   0   0   0   0   0   0   0   0   0
   0   0   0   0   0   0   0]
[865 334 425 708 587   0   0   0   0   0   0   0   0   0   0   0   0   0
   0   0   0   0   0   0   0]
[  3 399 291 207 587   0   0   0   0   0   0   0   0   0   0   0   0   0
   0   0   0   0   0   0   0]
[149 582 106 587   0   0   0   0   0   0   0   0   0   0   0   0   0   0
   0   0   0   0   0   0   0]
[687 585 253 587   0   0   0   0   0   0   0   0   0   0   0   0   0   0
   0   0   0   0   0   0   0]
[425 708 319 858 587   0   0   0   0   0   0   0   0   0   0   0   0   0
   0   0   0   0   0   0   0]
[ 31 402 844 769 587   0   0   0   0   0   0   0   0   0   0   0   0   0
   0   0   0   0   0   0   0]
[ 89 245 736 587   0   0   0   0   0   0   0   0   0   0   0   0   0   0
   0   0   0   0   0   0   0]
[ 85 442 324 872 587   0   0   0   0   0   0   0   0   0   0   0   0   0
   0   0   0   0   0   0   0]
[779 812 589 587   0   0   0   0   0   0   0   0   0   0   0   0   0   0
   0   0   0   0   0   0   0]
[817 872 528 271 587   0   0   0   0   0   0   0   0   0   0   0   0   0
   0   0   0   0   0   0   0]
[614 773 487 587   0   0   0   0   0   0   0   0   0   0   0   0   0   0
   0   0   0   0   0   0   0]
[ 89 425 104 126 587   0   0   0   0   0   0   0   0   0   0   0   0   0
   0   0   0   0   0   0   0]
[ 89 687 562 906 587   0   0   0   0   0   0   0   0   0   0   0   0   0
   0   0   0   0   0   0   0]
[294 882 357 587   0   0   0   0   0   0   0   0   0   0   0   0   0   0
   0   0   0   0   0   0   0]
[270 317 103 467 587   0   0   0   0   0   0   0   0   0   0   0   0   0
   0   0   0   0   0   0   0]
[ 75 291 266 943 587   0   0   0   0   0   0   0   0   0   0   0   0   0
   0   0   0   0   0   0   0]
[219 943 620 241 988  41 587   0   0   0   0   0   0   0   0   0   0   0
   0   0   0   0   0   0   0]
[226 611 202 587   0   0   0   0   0   0   0   0   0   0   0   0   0   0
   0   0   0   0   0   0   0]
[155 379 875 202 587   0   0   0   0   0   0   0   0   0   0   0   0   0
   0   0   0   0   0   0   0]
[614 294   2 526 587   0   0   0   0   0   0   0   0   0   0   0   0   0
   0   0   0   0   0   0   0]
[510 291 232 717 587   0   0   0   0   0   0   0   0   0   0   0   0   0
   0   0   0   0   0   0   0]
[116 188 865 188 794 637 142 932 532 794 558 836  46 587   0   0   0   0
   0   0   0   0   0   0   0]
[285 842 141 842 836 946 740 178 374 703 933 167 773 587   0   0   0   0
   0   0   0   0   0   0   0]
[202 601 560 733 637 183  98 499 477 299  46 587   0   0   0   0   0   0
   0   0   0   0   0   0   0]
[438 338 142  89 946 877 154 984 714 219 692 587   0   0   0   0   0   0
   0   0   0   0   0   0   0]
[253 309   5 948 517 309   5 559 516 788   5 773 643 587   0   0   0   0
   0   0   0   0   0   0   0]
[299 580 122 291 881 580 122 607 167 250 122 585 249 587   0   0   0   0
   0   0   0   0   0   0   0]
[ 29 887 870 978 727 907 423 797 464  94 773 855 687 136 740 155 578 587
   0   0   0   0   0   0   0]
[141 773 375 439 284 521 522 796 117 621  46 917 146 256 510 190 746 587
   0   0   0   0   0   0   0]
[ 84 916  67 354 363   3 841 141 475 288 836 587   0   0   0   0   0   0
   0   0   0   0   0   0   0]
[257 993 813 689 385 167 569 299 680 141 379 587   0   0   0   0   0   0
   0   0   0   0   0   0   0]
[519 285 419 478 637 639 711 491 965 453 855 687 587   0   0   0   0   0
   0   0   0   0   0   0   0]
[602 800 414 179 122 791 572 428 472  60 832 551 587   0   0   0   0   0
   0   0   0   0   0   0   0]
[764 637 158 101 302 638 399 870 839 580 715 500 601  43 587   0   0   0
   0   0   0   0   0   0   0]
[414 946 545 453 740 141 836 109   5 865 401 808 974 126 587   0   0   0
   0   0   0   0   0   0   0]
[754 949 103 885 587   0   0   0   0   0   0   0   0   0   0   0   0   0
   0   0   0   0   0   0   0]
[395  13 395 587   0   0   0   0   0   0   0   0   0   0   0   0   0   0
   0   0   0   0   0   0   0]
[685 595 476 343 587   0   0   0   0   0   0   0   0   0   0   0   0   0
   0   0   0   0   0   0   0]
[274 121 361 402 587   0   0   0   0   0   0   0   0   0   0   0   0   0
   0   0   0   0   0   0   0]
[379 141 791 936 587   0   0   0   0   0   0   0   0   0   0   0   0   0
   0   0   0   0   0   0   0]
[381 343 626 616 587   0   0   0   0   0   0   0   0   0   0   0   0   0
   0   0   0   0   0   0   0]
[ 89 425 438 338 587   0   0   0   0   0   0   0   0   0   0   0   0   0
   0   0   0   0   0   0   0]
[817 234  94 800 587   0   0   0   0   0   0   0   0   0   0   0   0   0
   0   0   0   0   0   0   0]
[872 990 180 587   0   0   0   0   0   0   0   0   0   0   0   0   0   0
   0   0   0   0   0   0   0]
[395  24 585 587   0   0   0   0   0   0   0   0   0   0   0   0   0   0
   0   0   0   0   0   0   0]
[ 27 663 585 288 587   0   0   0   0   0   0   0   0   0   0   0   0   0
   0   0   0   0   0   0   0]
[573 758 468 275 587   0   0   0   0   0   0   0   0   0   0   0   0   0
   0   0   0   0   0   0   0]
[ 89 758 291 275 587   0   0   0   0   0   0   0   0   0   0   0   0   0
   0   0   0   0   0   0   0]
[186 402 166 433 587   0   0   0   0   0   0   0   0   0   0   0   0   0
   0   0   0   0   0   0   0]
[ 89 112 328 350 587   0   0   0   0   0   0   0   0   0   0   0   0   0
   0   0   0   0   0   0   0]
[ 89 112 476 328 587   0   0   0   0   0   0   0   0   0   0   0   0   0
   0   0   0   0   0   0   0]
[669 103 502 657 587   0   0   0   0   0   0   0   0   0   0   0   0   0
   0   0   0   0   0   0   0]
[104 831  85 320 587   0   0   0   0   0   0   0   0   0   0   0   0   0
   0   0   0   0   0   0   0]
[553 589 678 379 587   0   0   0   0   0   0   0   0   0   0   0   0   0
   0   0   0   0   0   0   0]
[501 601  20 481 587   0   0   0   0   0   0   0   0   0   0   0   0   0
   0   0   0   0   0   0   0]
[695  54 126 832 587   0   0   0   0   0   0   0   0   0   0   0   0   0
   0   0   0   0   0   0   0]
[404 909 233 587   0   0   0   0   0   0   0   0   0   0   0   0   0   0
   0   0   0   0   0   0   0]
[404 819 227 909 587   0   0   0   0   0   0   0   0   0   0   0   0   0
   0   0   0   0   0   0   0]
[379 343 728 170 587   0   0   0   0   0   0   0   0   0   0   0   0   0
   0   0   0   0   0   0   0]
[430 317 442 494 587   0   0   0   0   0   0   0   0   0   0   0   0   0
   0   0   0   0   0   0   0]
[582  22  40 469 587   0   0   0   0   0   0   0   0   0   0   0   0   0
   0   0   0   0   0   0   0]
[151 338 402 587   0   0   0   0   0   0   0   0   0   0   0   0   0   0
   0   0   0   0   0   0   0]
[460 727 600 724 587   0   0   0   0   0   0   0   0   0   0   0   0   0
   0   0   0   0   0   0   0]
[438 338 652 245 587   0   0   0   0   0   0   0   0   0   0   0   0   0
   0   0   0   0   0   0   0]
[ 11   3 467 587   0   0   0   0   0   0   0   0   0   0   0   0   0   0
   0   0   0   0   0   0   0]
[656 690  86 743 587   0   0   0   0   0   0   0   0   0   0   0   0   0
   0   0   0   0   0   0   0]
[343 734 338 118 587   0   0   0   0   0   0   0   0   0   0   0   0   0
   0   0   0   0   0   0   0]
[  3 569 657 169 587   0   0   0   0   0   0   0   0   0   0   0   0   0
   0   0   0   0   0   0   0]
[274 343 685 808 587   0   0   0   0   0   0   0   0   0   0   0   0   0
   0   0   0   0   0   0   0]
[138 343 180 587   0   0   0   0   0   0   0   0   0   0   0   0   0   0
   0   0   0   0   0   0   0]
[342 616 548 587   0   0   0   0   0   0   0   0   0   0   0   0   0   0
   0   0   0   0   0   0   0]
[618 800 178 587   0   0   0   0   0   0   0   0   0   0   0   0   0   0
   0   0   0   0   0   0   0]
[687 650 587   0   0   0   0   0   0   0   0   0   0   0   0   0   0   0
   0   0   0   0   0   0   0]
[ 89 974  94 656 587   0   0   0   0   0   0   0   0   0   0   0   0   0
   0   0   0   0   0   0   0]
[147   3 707 715 587   0   0   0   0   0   0   0   0   0   0   0   0   0
   0   0   0   0   0   0   0]
[244 274 126 307 587   0   0   0   0   0   0   0   0   0   0   0   0   0
   0   0   0   0   0   0   0]
[185 455 616 910 587   0   0   0   0   0   0   0   0   0   0   0   0   0
   0   0   0   0   0   0   0]
[708 817 743 380 587   0   0   0   0   0   0   0   0   0   0   0   0   0
   0   0   0   0   0   0   0]
[379 169  37 848 587   0   0   0   0   0   0   0   0   0   0   0   0   0
   0   0   0   0   0   0   0]
[291 212 886 871 587   0   0   0   0   0   0   0   0   0   0   0   0   0
   0   0   0   0   0   0   0]
[451  11 463 587   0   0   0   0   0   0   0   0   0   0   0   0   0   0
   0   0   0   0   0   0   0]
[  3 786  40  94 587   0   0   0   0   0   0   0   0   0   0   0   0   0
   0   0   0   0   0   0   0]
[169 333 841 587   0   0   0   0   0   0   0   0   0   0   0   0   0   0
   0   0   0   0   0   0   0]
[935 333 569 587   0   0   0   0   0   0   0   0   0   0   0   0   0   0
   0   0   0   0   0   0   0]
[  3 266 590 587   0   0   0   0   0   0   0   0   0   0   0   0   0   0
   0   0   0   0   0   0   0]
[372 629 126 343 587   0   0   0   0   0   0   0   0   0   0   0   0   0
   0   0   0   0   0   0   0]
[ 89   3 525 678 587   0   0   0   0   0   0   0   0   0   0   0   0   0
   0   0   0   0   0   0   0]
[362 652 819 585 587   0   0   0   0   0   0   0   0   0   0   0   0   0
   0   0   0   0   0   0   0]
[640 274 751 900 587   0   0   0   0   0   0   0   0   0   0   0   0   0
   0   0   0   0   0   0   0]
[ 83 568 827 682 587   0   0   0   0   0   0   0   0   0   0   0   0   0
   0   0   0   0   0   0   0]
[511 169 156 587   0   0   0   0   0   0   0   0   0   0   0   0   0   0
   0   0   0   0   0   0   0]
[727 274 374 587   0   0   0   0   0   0   0   0   0   0   0   0   0   0
   0   0   0   0   0   0   0]
[466 967 185 803 379 587   0   0   0   0   0   0   0   0   0   0   0   0
   0   0   0   0   0   0   0]
[760 104 293 299 587   0   0   0   0   0   0   0   0   0   0   0   0   0
   0   0   0   0   0   0   0]
[460 751 324 974 587   0   0   0   0   0   0   0   0   0   0   0   0   0
   0   0   0   0   0   0   0]
[802  89 141 974 587   0   0   0   0   0   0   0   0   0   0   0   0   0
   0   0   0   0   0   0   0]
[875 216 314 938 587   0   0   0   0   0   0   0   0   0   0   0   0   0
   0   0   0   0   0   0   0]
[147   3 225 493 587   0   0   0   0   0   0   0   0   0   0   0   0   0
   0   0   0   0   0   0   0]
[466 288 324 974 587   0   0   0   0   0   0   0   0   0   0   0   0   0
   0   0   0   0   0   0   0]
[482 377 750 587   0   0   0   0   0   0   0   0   0   0   0   0   0   0
   0   0   0   0   0   0   0]
[112 903 180 587   0   0   0   0   0   0   0   0   0   0   0   0   0   0
   0   0   0   0   0   0   0]
[811 185 455 110 587   0   0   0   0   0   0   0   0   0   0   0   0   0
   0   0   0   0   0   0   0]
[496 669 772  87 587   0   0   0   0   0   0   0   0   0   0   0   0   0
   0   0   0   0   0   0   0]
[585 455 766 587   0   0   0   0   0   0   0   0   0   0   0   0   0   0
   0   0   0   0   0   0   0]
[502 836 106 718 587   0   0   0   0   0   0   0   0   0   0   0   0   0
   0   0   0   0   0   0   0]
[126  16  89 510 587   0   0   0   0   0   0   0   0   0   0   0   0   0
   0   0   0   0   0   0   0]
[137 229 433 867 587   0   0   0   0   0   0   0   0   0   0   0   0   0
   0   0   0   0   0   0   0]
[ 89 425 438 338 587   0   0   0   0   0   0   0   0   0   0   0   0   0
   0   0   0   0   0   0   0]
[338  31 222 938 587   0   0   0   0   0   0   0   0   0   0   0   0   0
   0   0   0   0   0   0   0]
[657 169 973 587   0   0   0   0   0   0   0   0   0   0   0   0   0   0
   0   0   0   0   0   0   0]
[433 185 379 587   0   0   0   0   0   0   0   0   0   0   0   0   0   0
   0   0   0   0   0   0   0]
[240 601 123 109 587   0   0   0   0   0   0   0   0   0   0   0   0   0
   0   0   0   0   0   0   0]
[106 153 267 587   0   0   0   0   0   0   0   0   0   0   0   0   0   0
   0   0   0   0   0   0   0]
[894 448 274 909 587   0   0   0   0   0   0   0   0   0   0   0   0   0
   0   0   0   0   0   0   0]
[379 443  37 819 587   0   0   0   0   0   0   0   0   0   0   0   0   0
   0   0   0   0   0   0   0]
[283 781 729 429 587   0   0   0   0   0   0   0   0   0   0   0   0   0
   0   0   0   0   0   0   0]
[772 254  11 350 587   0   0   0   0   0   0   0   0   0   0   0   0   0
   0   0   0   0   0   0   0]
[240 504 186 202 587   0   0   0   0   0   0   0   0   0   0   0   0   0
   0   0   0   0   0   0   0]
[579 888 959 379 587   0   0   0   0   0   0   0   0   0   0   0   0   0
   0   0   0   0   0   0   0]
[274 817 510 587   0   0   0   0   0   0   0   0   0   0   0   0   0   0
   0   0   0   0   0   0   0]
[777 481 772 758 109 587   0   0   0   0   0   0   0   0   0   0   0   0
   0   0   0   0   0   0   0]
[239 121 708 274 587   0   0   0   0   0   0   0   0   0   0   0   0   0
   0   0   0   0   0   0   0]
[971 478 830   1 587   0   0   0   0   0   0   0   0   0   0   0   0   0
   0   0   0   0   0   0   0]
[713 472 197 350 587   0   0   0   0   0   0   0   0   0   0   0   0   0
   0   0   0   0   0   0   0]
[ 88 542 354 147 587   0   0   0   0   0   0   0   0   0   0   0   0   0
   0   0   0   0   0   0   0]
[566 902 784 964 587   0   0   0   0   0   0   0   0   0   0   0   0   0
   0   0   0   0   0   0   0]
[837   3  99 616 587   0   0   0   0   0   0   0   0   0   0   0   0   0
   0   0   0   0   0   0   0]
[233 725 888 202 587   0   0   0   0   0   0   0   0   0   0   0   0   0
   0   0   0   0   0   0   0]
[435 340 416   3 587   0   0   0   0   0   0   0   0   0   0   0   0   0
   0   0   0   0   0   0   0]
[379 343 728 587   0   0   0   0   0   0   0   0   0   0   0   0   0   0
   0   0   0   0   0   0   0]
[354 266 169 587   0   0   0   0   0   0   0   0   0   0   0   0   0   0
   0   0   0   0   0   0   0]
[683 362 949 587   0   0   0   0   0   0   0   0   0   0   0   0   0   0
   0   0   0   0   0   0   0]
[837 266  20 587   0   0   0   0   0   0   0   0   0   0   0   0   0   0
   0   0   0   0   0   0   0]
[212   3 466 727 587   0   0   0   0   0   0   0   0   0   0   0   0   0
   0   0   0   0   0   0   0]
[  1 343 899 497 587   0   0   0   0   0   0   0   0   0   0   0   0   0
   0   0   0   0   0   0   0]
[106 800  58 193 587   0   0   0   0   0   0   0   0   0   0   0   0   0
   0   0   0   0   0   0   0]
[637 739 574 401 587   0   0   0   0   0   0   0   0   0   0   0   0   0
   0   0   0   0   0   0   0]
[476 667 214 815 587   0   0   0   0   0   0   0   0   0   0   0   0   0
   0   0   0   0   0   0   0]
[637 126 530 390 587   0   0   0   0   0   0   0   0   0   0   0   0   0
   0   0   0   0   0   0   0]
[444 808 865 467 587   0   0   0   0   0   0   0   0   0   0   0   0   0
   0   0   0   0   0   0   0]
[824 126 143 172 587   0   0   0   0   0   0   0   0   0   0   0   0   0
   0   0   0   0   0   0   0]
[582 162 510 125 587   0   0   0   0   0   0   0   0   0   0   0   0   0
   0   0   0   0   0   0   0]
[ 94 703 967 212 587   0   0   0   0   0   0   0   0   0   0   0   0   0
   0   0   0   0   0   0   0]
[582  45 230 527 587   0   0   0   0   0   0   0   0   0   0   0   0   0
   0   0   0   0   0   0   0]
[344   1 126 413 587   0   0   0   0   0   0   0   0   0   0   0   0   0
   0   0   0   0   0   0   0]
[785 126 365 244 587   0   0   0   0   0   0   0   0   0   0   0   0   0
   0   0   0   0   0   0   0]
[849 126 293 528 587   0   0   0   0   0   0   0   0   0   0   0   0   0
   0   0   0   0   0   0   0]
[804 126  66 616 587   0   0   0   0   0   0   0   0   0   0   0   0   0
   0   0   0   0   0   0   0]
[476  99 582 873 587   0   0   0   0   0   0   0   0   0   0   0   0   0
   0   0   0   0   0   0   0]
[814 466 959 587   0   0   0   0   0   0   0   0   0   0   0   0   0   0
   0   0   0   0   0   0   0]
[953 920 669 551 587   0   0   0   0   0   0   0   0   0   0   0   0   0
   0   0   0   0   0   0   0]
[873  42 476 335 587   0   0   0   0   0   0   0   0   0   0   0   0   0
   0   0   0   0   0   0   0]
[284 521 550 974 587   0   0   0   0   0   0   0   0   0   0   0   0   0
   0   0   0   0   0   0   0]
[ 35 461  94 773 587   0   0   0   0   0   0   0   0   0   0   0   0   0
   0   0   0   0   0   0   0]
[758 109 743 595 587   0   0   0   0   0   0   0   0   0   0   0   0   0
   0   0   0   0   0   0   0]
[831 959 202 387 587   0   0   0   0   0   0   0   0   0   0   0   0   0
   0   0   0   0   0   0   0]
[338 133 708 698 587   0   0   0   0   0   0   0   0   0   0   0   0   0
   0   0   0   0   0   0   0]
[338 552 291 586 587   0   0   0   0   0   0   0   0   0   0   0   0   0
   0   0   0   0   0   0   0]
[552 291 162 595 362 587   0   0   0   0   0   0   0   0   0   0   0   0
   0   0   0   0   0   0   0]
[ 89 425 104 909 587   0   0   0   0   0   0   0   0   0   0   0   0   0
   0   0   0   0   0   0   0]
[138 153  92   7 587   0   0   0   0   0   0   0   0   0   0   0   0   0
   0   0   0   0   0   0   0]
[637 971 141 638 587   0   0   0   0   0   0   0   0   0   0   0   0   0
   0   0   0   0   0   0   0]
[ 18 275 973 587   0   0   0   0   0   0   0   0   0   0   0   0   0   0
   0   0   0   0   0   0   0]
[239 202 708 395 587   0   0   0   0   0   0   0   0   0   0   0   0   0
   0   0   0   0   0   0   0]
[451 601  68 773 587   0   0   0   0   0   0   0   0   0   0   0   0   0
   0   0   0   0   0   0   0]
[918 595 160 841 587   0   0   0   0   0   0   0   0   0   0   0   0   0
   0   0   0   0   0   0   0]
[476 160 266  20 587   0   0   0   0   0   0   0   0   0   0   0   0   0
   0   0   0   0   0   0   0]
[ 77 885 806 935 587   0   0   0   0   0   0   0   0   0   0   0   0   0
   0   0   0   0   0   0   0]
[372 443 103 287 587   0   0   0   0   0   0   0   0   0   0   0   0   0
   0   0   0   0   0   0   0]
[803 845 975 379 587   0   0   0   0   0   0   0   0   0   0   0   0   0
   0   0   0   0   0   0   0]
[185 497 240  55 587   0   0   0   0   0   0   0   0   0   0   0   0   0
   0   0   0   0   0   0   0]
[ 77 885 806 898 587   0   0   0   0   0   0   0   0   0   0   0   0   0
   0   0   0   0   0   0   0]
[323 100 354 147 587   0   0   0   0   0   0   0   0   0   0   0   0   0
   0   0   0   0   0   0   0]
[772 632 141 572 436 198 142 722 946 587   0   0   0   0   0   0   0   0
   0   0   0   0   0   0   0]
[447 820 773 953 519  46  89 269 637 587   0   0   0   0   0   0   0   0
   0   0   0   0   0   0   0]
[861 251 384 360 637 519  46 142 275 733  12 587   0   0   0   0   0   0
   0   0   0   0   0   0   0]
[660 671 134 598 946 436 198 570 220  89 994 587   0   0   0   0   0   0
   0   0   0   0   0   0   0]
[670  80 447 927  17 584  49 327 945 521 284 670  80 946 587   0   0   0
   0   0   0   0   0   0   0]
[281 869 337  14 757 415 843 605 473 433 120 281 869 637 587   0   0   0
   0   0   0   0   0   0   0]
[186 497 122 375 827 749 397 805 490 253  11 610 582 587   0   0   0   0
   0   0   0   0   0   0   0]
[500 638 399 175 393  43  35  71  56 357 569 854 535 587   0   0   0   0
   0   0   0   0   0   0   0]
[113 419 198 960 403 403 290 877 191 529 122 587   0   0   0   0   0   0
   0   0   0   0   0   0   0]
[773 780  46 148 675 675 138 192 964 809 637 587   0   0   0   0   0   0
   0   0   0   0   0   0   0]
[ 78 989 637 745 519  46 764 546 934 250 122 587   0   0   0   0   0   0
   0   0   0   0   0   0   0]
[414 285 946 545 436 198 344 243 890 352 873 587   0   0   0   0   0   0
   0   0   0   0   0   0   0]
[972 836 620 265 179 608  79 797 931  56 168 744 587   0   0   0   0   0
   0   0   0   0   0   0   0]
[561  42   5 191 303 744 806 704 625 674 201 404 587   0   0   0   0   0
   0   0   0   0   0   0   0]
[808   3  95 572 519  46 414 285 191 529 122 587   0   0   0   0   0   0
   0   0   0   0   0   0   0]
[306 253 148 544 436 198 955 385 363 733 749 587   0   0   0   0   0   0
   0   0   0   0   0   0   0]
[ 42 772 404 476 587   0   0   0   0   0   0   0   0   0   0   0   0   0
   0   0   0   0   0   0   0]
[141 379  97 582 587   0   0   0   0   0   0   0   0   0   0   0   0   0
   0   0   0   0   0   0   0]
[431 169 866 587   0   0   0   0   0   0   0   0   0   0   0   0   0   0
   0   0   0   0   0   0   0]
[885   5 151 889 587   0   0   0   0   0   0   0   0   0   0   0   0   0
   0   0   0   0   0   0   0]
[328  82 735 476 551 587   0   0   0   0   0   0   0   0   0   0   0   0
   0   0   0   0   0   0   0]
[480  94 222 848 587   0   0   0   0   0   0   0   0   0   0   0   0   0
   0   0   0   0   0   0   0]
[ 20 847 263 974 126 587   0   0   0   0   0   0   0   0   0   0   0   0
   0   0   0   0   0   0   0]
[407 379 206 835 587   0   0   0   0   0   0   0   0   0   0   0   0   0
   0   0   0   0   0   0   0]
[239 782 754 589 587   0   0   0   0   0   0   0   0   0   0   0   0   0
   0   0   0   0   0   0   0]
[894 448  35 909 587   0   0   0   0   0   0   0   0   0   0   0   0   0
   0   0   0   0   0   0   0]
[656 319  86  16 587   0   0   0   0   0   0   0   0   0   0   0   0   0
   0   0   0   0   0   0   0]
[338  31 600 723 587   0   0   0   0   0   0   0   0   0   0   0   0   0
   0   0   0   0   0   0   0]
[422 823 877 800 587   0   0   0   0   0   0   0   0   0   0   0   0   0
   0   0   0   0   0   0   0]
[601 754 773 912 587   0   0   0   0   0   0   0   0   0   0   0   0   0
   0   0   0   0   0   0   0]
[967 540 353 392 587   0   0   0   0   0   0   0   0   0   0   0   0   0
   0   0   0   0   0   0   0]
[601 170 773 732 587   0   0   0   0   0   0   0   0   0   0   0   0   0
   0   0   0   0   0   0   0]
[856 834 721 204 587   0   0   0   0   0   0   0   0   0   0   0   0   0
   0   0   0   0   0   0   0]
[ 89 736 352 873 587   0   0   0   0   0   0   0   0   0   0   0   0   0
   0   0   0   0   0   0   0]
[126 779 319 723 587   0   0   0   0   0   0   0   0   0   0   0   0   0
   0   0   0   0   0   0   0]
[344 848 637 502 587   0   0   0   0   0   0   0   0   0   0   0   0   0
   0   0   0   0   0   0   0]
[991 885  49 180 587   0   0   0   0   0   0   0   0   0   0   0   0   0
   0   0   0   0   0   0   0]
[ 89 299 799 900 587   0   0   0   0   0   0   0   0   0   0   0   0   0
   0   0   0   0   0   0   0]
[169 754  94 587   0   0   0   0   0   0   0   0   0   0   0   0   0   0
   0   0   0   0   0   0   0]
[852 385  94 957 587   0   0   0   0   0   0   0   0   0   0   0   0   0
   0   0   0   0   0   0   0]
[871 885 340 587   0   0   0   0   0   0   0   0   0   0   0   0   0   0
   0   0   0   0   0   0   0]
[ 40   3 806 935 587   0   0   0   0   0   0   0   0   0   0   0   0   0
   0   0   0   0   0   0   0]
[ 89   3 525 678 587   0   0   0   0   0   0   0   0   0   0   0   0   0
   0   0   0   0   0   0   0]
[239 310 657 872 587   0   0   0   0   0   0   0   0   0   0   0   0   0
   0   0   0   0   0   0   0]
[811 333 299 865 587   0   0   0   0   0   0   0   0   0   0   0   0   0
   0   0   0   0   0   0   0]
[379 343 652 754 587   0   0   0   0   0   0   0   0   0   0   0   0   0
   0   0   0   0   0   0   0]
[759 159 463  32 587   0   0   0   0   0   0   0   0   0   0   0   0   0
   0   0   0   0   0   0   0]
[169 291  89   3 587   0   0   0   0   0   0   0   0   0   0   0   0   0
   0   0   0   0   0   0   0]
[747 915 277 596 828 450 602 800 860 302 306 587   0   0   0   0   0   0
   0   0   0   0   0   0   0]
[144 572 797 516  70 982 519  46 148 780 285 587   0   0   0   0   0   0
   0   0   0   0   0   0   0]
[608 116 675 979   5 744 957 478 939 642  52  25 306 476 587   0   0   0
   0   0   0   0   0   0   0]
[360 946 587   0   0   0   0   0   0   0   0   0   0   0   0   0   0   0
   0   0   0   0   0   0   0]
[ 89 981 170 668  64 771 183 587   0   0   0   0   0   0   0   0   0   0
   0   0   0   0   0   0   0]
[414 637 519  46 555 158 600 587   0   0   0   0   0   0   0   0   0   0
   0   0   0   0   0   0   0]
[870 324 283 253  11  39 654 883 794 466 988  46 587   0   0   0   0   0
   0   0   0   0   0   0   0]
[453 974 126 274 771 756 167 883 836 288 988 773 587   0   0   0   0   0
   0   0   0   0   0   0   0]
[228  46 411 203 795 872 309 795 297 309  55 504  41 510 245 454   5 356
  62 811 587   0   0   0   0]
[516 773 555 711 353 230   5 353  16   5 619 396 519 141 374  36 839 299
 917 146 587   0   0   0   0]
[749 548 937 404 968 748 292  79 185 634 405  79 185 561 768 840 445 986
  62 811 587   0   0   0   0]
[821 839 506   6 498 654 239 841 396  86 732 484 396 459 167 127 346 598
 602 800 587   0   0   0   0]
[687 431 510 587   0   0   0   0   0   0   0   0   0   0   0   0   0   0
   0   0   0   0   0   0   0]
[701 401 223 185 510 587   0   0   0   0   0   0   0   0   0   0   0   0
   0   0   0   0   0   0   0]
[743 582 332 881 332 858 830 319  36 587   0   0   0   0   0   0   0   0
   0   0   0   0   0   0   0]
[433 180 379 587   0   0   0   0   0   0   0   0   0   0   0   0   0   0
   0   0   0   0   0   0   0]
[849 518 478 587   0   0   0   0   0   0   0   0   0   0   0   0   0   0
   0   0   0   0   0   0   0]
[683 637 548 587   0   0   0   0   0   0   0   0   0   0   0   0   0   0
   0   0   0   0   0   0   0]
[593 135 338 587   0   0   0   0   0   0   0   0   0   0   0   0   0   0
   0   0   0   0   0   0   0]
[858 286 169 587   0   0   0   0   0   0   0   0   0   0   0   0   0   0
   0   0   0   0   0   0   0]
[ 89 315 906 637 587   0   0   0   0   0   0   0   0   0   0   0   0   0
   0   0   0   0   0   0   0]
[950  82 841 141 587   0   0   0   0   0   0   0   0   0   0   0   0   0
   0   0   0   0   0   0   0]
[375 115 692 749 587   0   0   0   0   0   0   0   0   0   0   0   0   0
   0   0   0   0   0   0   0]
[687 476 323 402 587   0   0   0   0   0   0   0   0   0   0   0   0   0
   0   0   0   0   0   0   0]
[637 413 455 834 587   0   0   0   0   0   0   0   0   0   0   0   0   0
   0   0   0   0   0   0   0]
[691  67 806 637 587   0   0   0   0   0   0   0   0   0   0   0   0   0
   0   0   0   0   0   0   0]
[938 684 291 413 587   0   0   0   0   0   0   0   0   0   0   0   0   0
   0   0   0   0   0   0   0]
[687 402 938 338 587   0   0   0   0   0   0   0   0   0   0   0   0   0
   0   0   0   0   0   0   0]
[141 938 881 881 587   0   0   0   0   0   0   0   0   0   0   0   0   0
   0   0   0   0   0   0   0]
[314 273  18 881 587   0   0   0   0   0   0   0   0   0   0   0   0   0
   0   0   0   0   0   0   0]
[938 906 314 725 587   0   0   0   0   0   0   0   0   0   0   0   0   0
   0   0   0   0   0   0   0]
[141 350 585 170 587   0   0   0   0   0   0   0   0   0   0   0   0   0
   0   0   0   0   0   0   0]
[912 604 357 107 587   0   0   0   0   0   0   0   0   0   0   0   0   0
   0   0   0   0   0   0   0]
[ 89 773 906 357 587   0   0   0   0   0   0   0   0   0   0   0   0   0
   0   0   0   0   0   0   0]
[774 126 361 315 250 524 200 182 127 968 168 167 466 988 818 587   0   0
   0   0   0   0   0   0   0]
[774 594 388 436 609 583 958 176 213 498 883 654 288 988 773 587   0   0
   0   0   0   0   0   0   0]
[645 379 299 580 171 767 172 300 895 291  74 519  46 839 498 432 659 853
 587   0   0   0   0   0   0]
[546 764 291 881 580 122  10 291 934 162 970 215 773 423 121  36 934 911
 587   0   0   0   0   0   0]
[104 492 374 532  84 916 906 350 832 721 832 557 974 187 235 680 587   0
   0   0   0   0   0   0   0]
[892 761 224 880 359 773 328 643 215 350 215 268 709 529 580 715 587   0
   0   0   0   0   0   0   0]
[693   5 419 695 717 600 643 666 456 972 516 876  86 732 653 863 281 869
 285 476 946 587   0   0   0]
[973 385 671 478 456 419 253  11 374 802 657 138 353 230 195 906 670  80
 306 260 637 587   0   0   0]
[172 614 493 665 939 598 418 298 519  46 587   0   0   0   0   0   0   0
   0   0   0   0   0   0   0]
[266 338 838 617 462 167  35 870 436 198 587   0   0   0   0   0   0   0
   0   0   0   0   0   0   0]
[466 988  46 339  62 811 510 862 555 311 803 842  46 587   0   0   0   0
   0   0   0   0   0   0   0]
[288 988 773  76 434 763 855 687 418 152 516 842 773 587   0   0   0   0
   0   0   0   0   0   0   0]
[764 946 367 508 934 911 646 210 229 600 952 744 587   0   0   0   0   0
   0   0   0   0   0   0   0]
[414 637 864 432 659 853 926 577 885 299 658 203 587   0   0   0   0   0
   0   0   0   0   0   0   0]
[983 191 598 946 660 671 706 329 425  98 801 794 519  46 587   0   0   0
   0   0   0   0   0   0   0]
[558 456 529 637 389 738 825 773 564 523 514 836 602 800 587   0   0   0
   0   0   0   0   0   0   0]
[733  80 756 375 185 219 818 587   0   0   0   0   0   0   0   0   0   0
   0   0   0   0   0   0   0]
[142 932 173 522   3 541 611 587   0   0   0   0   0   0   0   0   0   0
   0   0   0   0   0   0   0]
[185   3 733  80 756 942 615 587   0   0   0   0   0   0   0   0   0   0
   0   0   0   0   0   0   0]
[324 283 142 179  39 350 391 587   0   0   0   0   0   0   0   0   0   0
   0   0   0   0   0   0   0]
[855 687 510 862 657 142 932 587   0   0   0   0   0   0   0   0   0   0
   0   0   0   0   0   0   0]
[672 779 709 529 839 733  80 587   0   0   0   0   0   0   0   0   0   0
   0   0   0   0   0   0   0]
[773 850 658 203 139  46 660 671 529 122 587   0   0   0   0   0   0   0
   0   0   0   0   0   0   0]
[218 572 353 230 142 606 344 991 764 637 587   0   0   0   0   0   0   0
   0   0   0   0   0   0   0]
[212 687 510 587   0   0   0   0   0   0   0   0   0   0   0   0   0   0
   0   0   0   0   0   0   0]
[ 82 656 478 800 657 587   0   0   0   0   0   0   0   0   0   0   0   0
   0   0   0   0   0   0   0]
[765   9 243 311 587   0   0   0   0   0   0   0   0   0   0   0   0   0
   0   0   0   0   0   0   0]
[656 772 800 657 587   0   0   0   0   0   0   0   0   0   0   0   0   0
   0   0   0   0   0   0   0]
[772 401 427 656 476 475 624 154 800 587   0   0   0   0   0   0   0   0
   0   0   0   0   0   0   0]
[185   3 600 724 587   0   0   0   0   0   0   0   0   0   0   0   0   0
   0   0   0   0   0   0   0]
[404 476 295 587   0   0   0   0   0   0   0   0   0   0   0   0   0   0
   0   0   0   0   0   0   0]
[600 724 587   0   0   0   0   0   0   0   0   0   0   0   0   0   0   0
   0   0   0   0   0   0   0]
[626 452 335 663 587   0   0   0   0   0   0   0   0   0   0   0   0   0
   0   0   0   0   0   0   0]
[493 935 291 262 587   0   0   0   0   0   0   0   0   0   0   0   0   0
   0   0   0   0   0   0   0]
[274 712 328 299 587   0   0   0   0   0   0   0   0   0   0   0   0   0
   0   0   0   0   0   0   0]
[813 394 291 425 587   0   0   0   0   0   0   0   0   0   0   0   0   0
   0   0   0   0   0   0   0]
[845   5   3 569 587   0   0   0   0   0   0   0   0   0   0   0   0   0
   0   0   0   0   0   0   0]
[725 299 657 872 587   0   0   0   0   0   0   0   0   0   0   0   0   0
   0   0   0   0   0   0   0]
[283  65 776 109 587   0   0   0   0   0   0   0   0   0   0   0   0   0
   0   0   0   0   0   0   0]
[574 401 685 637 587   0   0   0   0   0   0   0   0   0   0   0   0   0
   0   0   0   0   0   0   0]
[169  11 778 357 587   0   0   0   0   0   0   0   0   0   0   0   0   0
   0   0   0   0   0   0   0]
[687 938 707  83 587   0   0   0   0   0   0   0   0   0   0   0   0   0
   0   0   0   0   0   0   0]
[718 938 707 554 587   0   0   0   0   0   0   0   0   0   0   0   0   0
   0   0   0   0   0   0   0]
[614 741 708 877 587   0   0   0   0   0   0   0   0   0   0   0   0   0
   0   0   0   0   0   0   0]
[322 585 878 587   0   0   0   0   0   0   0   0   0   0   0   0   0   0
   0   0   0   0   0   0   0]
[169 663 935 108 587   0   0   0   0   0   0   0   0   0   0   0   0   0
   0   0   0   0   0   0   0]
[202 368 109  64 587   0   0   0   0   0   0   0   0   0   0   0   0   0
   0   0   0   0   0   0   0]
[455 962 395 137 587   0   0   0   0   0   0   0   0   0   0   0   0   0
   0   0   0   0   0   0   0]
[  3 305 758 401 587   0   0   0   0   0   0   0   0   0   0   0   0   0
   0   0   0   0   0   0   0]
[377  23 987 217 587   0   0   0   0   0   0   0   0   0   0   0   0   0
   0   0   0   0   0   0   0]
[849 901 160 236 587   0   0   0   0   0   0   0   0   0   0   0   0   0
   0   0   0   0   0   0   0]
[701 758 862  94 587   0   0   0   0   0   0   0   0   0   0   0   0   0
   0   0   0   0   0   0   0]
[ 89 425 806 274 587   0   0   0   0   0   0   0   0   0   0   0   0   0
   0   0   0   0   0   0   0]
[493 467   3   5 587   0   0   0   0   0   0   0   0   0   0   0   0   0
   0   0   0   0   0   0   0]
[551 891 467 587   0   0   0   0   0   0   0   0   0   0   0   0   0   0
   0   0   0   0   0   0   0]
[141 233 743 587   0   0   0   0   0   0   0   0   0   0   0   0   0   0
   0   0   0   0   0   0   0]
[  3 249 961 587   0   0   0   0   0   0   0   0   0   0   0   0   0   0
   0   0   0   0   0   0   0]
[266 638 493 299 587   0   0   0   0   0   0   0   0   0   0   0   0   0
   0   0   0   0   0   0   0]
[ 24 673 248 253 587   0   0   0   0   0   0   0   0   0   0   0   0   0
   0   0   0   0   0   0   0]
[538 974 681 259 587   0   0   0   0   0   0   0   0   0   0   0   0   0
   0   0   0   0   0   0   0]
[  3 617 353 587   0   0   0   0   0   0   0   0   0   0   0   0   0   0
   0   0   0   0   0   0   0]
[ 31 652 103 587   0   0   0   0   0   0   0   0   0   0   0   0   0   0
   0   0   0   0   0   0   0]
[291 147 232  88 587   0   0   0   0   0   0   0   0   0   0   0   0   0
   0   0   0   0   0   0   0]
[549 641 877 669 587   0   0   0   0   0   0   0   0   0   0   0   0   0
   0   0   0   0   0   0   0]
[508 688 549 687 587   0   0   0   0   0   0   0   0   0   0   0   0   0
   0   0   0   0   0   0   0]
[727 885 587   0   0   0   0   0   0   0   0   0   0   0   0   0   0   0
   0   0   0   0   0   0   0]
[466 836 595 237 587   0   0   0   0   0   0   0   0   0   0   0   0   0
   0   0   0   0   0   0   0]
[354 147 909 587   0   0   0   0   0   0   0   0   0   0   0   0   0   0
   0   0   0   0   0   0   0]
[354 610  23 909 630 427 276 147 587   0   0   0   0   0   0   0   0   0
   0   0   0   0   0   0   0]
[470  40 727 885 587   0   0   0   0   0   0   0   0   0   0   0   0   0
   0   0   0   0   0   0   0]
[727 885 427  41 519 587   0   0   0   0   0   0   0   0   0   0   0   0
   0   0   0   0   0   0   0]
[604  97 604 587   0   0   0   0   0   0   0   0   0   0   0   0   0   0
   0   0   0   0   0   0   0]
[928 321 185 379 587   0   0   0   0   0   0   0   0   0   0   0   0   0
   0   0   0   0   0   0   0]
[ 53 265 383 321 185 587   0   0   0   0   0   0   0   0   0   0   0   0
   0   0   0   0   0   0   0]
[394 601 185 379 587   0   0   0   0   0   0   0   0   0   0   0   0   0
   0   0   0   0   0   0   0]
[599 896 394 601 185 587   0   0   0   0   0   0   0   0   0   0   0   0
   0   0   0   0   0   0   0]
[ 99 787 185 688 587   0   0   0   0   0   0   0   0   0   0   0   0   0
   0   0   0   0   0   0   0]
[104 274 476 160 587   0   0   0   0   0   0   0   0   0   0   0   0   0
   0   0   0   0   0   0   0]
[496 819 137  94 587   0   0   0   0   0   0   0   0   0   0   0   0   0
   0   0   0   0   0   0   0]
[381 438 466 165 587   0   0   0   0   0   0   0   0   0   0   0   0   0
   0   0   0   0   0   0   0]
[667 641 372 909 587   0   0   0   0   0   0   0   0   0   0   0   0   0
   0   0   0   0   0   0   0]
[871 754 959 379 180 587   0   0   0   0   0   0   0   0   0   0   0   0
   0   0   0   0   0   0   0]
[466 836 372 909 587   0   0   0   0   0   0   0   0   0   0   0   0   0
   0   0   0   0   0   0   0]
[687 106 510 587   0   0   0   0   0   0   0   0   0   0   0   0   0   0
   0   0   0   0   0   0   0]
[859 908 587   0   0   0   0   0   0   0   0   0   0   0   0   0   0   0
   0   0   0   0   0   0   0]
[908 357 308 222 587   0   0   0   0   0   0   0   0   0   0   0   0   0
   0   0   0   0   0   0   0]
[379   9 587   0   0   0   0   0   0   0   0   0   0   0   0   0   0   0
   0   0   0   0   0   0   0]
[643 431 587   0   0   0   0   0   0   0   0   0   0   0   0   0   0   0
   0   0   0   0   0   0   0]
[804 690 212 291 587   0   0   0   0   0   0   0   0   0   0   0   0   0
   0   0   0   0   0   0   0]
[485   3 849 126 587   0   0   0   0   0   0   0   0   0   0   0   0   0
   0   0   0   0   0   0   0]
[582 379 582   9 587   0   0   0   0   0   0   0   0   0   0   0   0   0
   0   0   0   0   0   0   0]
[431 169 467 866 587   0   0   0   0   0   0   0   0   0   0   0   0   0
   0   0   0   0   0   0   0]
[448 448  35 909 587   0   0   0   0   0   0   0   0   0   0   0   0   0
   0   0   0   0   0   0   0]
[727 283 617 587   0   0   0   0   0   0   0   0   0   0   0   0   0   0
   0   0   0   0   0   0   0]
[222 741 266 687 587   0   0   0   0   0   0   0   0   0   0   0   0   0
   0   0   0   0   0   0   0]
[ 89 425 104 909 587   0   0   0   0   0   0   0   0   0   0   0   0   0
   0   0   0   0   0   0   0]
[294 379 350 587   0   0   0   0   0   0   0   0   0   0   0   0   0   0
   0   0   0   0   0   0   0]
[395 185 482 750 587   0   0   0   0   0   0   0   0   0   0   0   0   0
   0   0   0   0   0   0   0]
[274 643 770 185 587   0   0   0   0   0   0   0   0   0   0   0   0   0
   0   0   0   0   0   0   0]
[837 611 476 160 587   0   0   0   0   0   0   0   0   0   0   0   0   0
   0   0   0   0   0   0   0]
[362 868 582 799 587   0   0   0   0   0   0   0   0   0   0   0   0   0
   0   0   0   0   0   0   0]
[409 518 663 868 587   0   0   0   0   0   0   0   0   0   0   0   0   0
   0   0   0   0   0   0   0]
[656 309 652 539 587   0   0   0   0   0   0   0   0   0   0   0   0   0
   0   0   0   0   0   0   0]
[275 687 510 587   0   0   0   0   0   0   0   0   0   0   0   0   0   0
   0   0   0   0   0   0   0]
[582 799 160 510 587   0   0   0   0   0   0   0   0   0   0   0   0   0
   0   0   0   0   0   0   0]
[291 743 205 476 587   0   0   0   0   0   0   0   0   0   0   0   0   0
   0   0   0   0   0   0   0]
[291 162 786   3 587   0   0   0   0   0   0   0   0   0   0   0   0   0
   0   0   0   0   0   0   0]
[ 37 379 169 866 587   0   0   0   0   0   0   0   0   0   0   0   0   0
   0   0   0   0   0   0   0]
[787 169 467 866 587   0   0   0   0   0   0   0   0   0   0   0   0   0
   0   0   0   0   0   0   0]
[ 37   3 379 169 587   0   0   0   0   0   0   0   0   0   0   0   0   0
   0   0   0   0   0   0   0]
[343 887 556 587   0   0   0   0   0   0   0   0   0   0   0   0   0   0
   0   0   0   0   0   0   0]
[138 291 753 587   0   0   0   0   0   0   0   0   0   0   0   0   0   0
   0   0   0   0   0   0   0]
[ 61 616 673 587   0   0   0   0   0   0   0   0   0   0   0   0   0   0
   0   0   0   0   0   0   0]
[114 543 585 587   0   0   0   0   0   0   0   0   0   0   0   0   0   0
   0   0   0   0   0   0   0]
[816 539 587   0   0   0   0   0   0   0   0   0   0   0   0   0   0   0
   0   0   0   0   0   0   0]
[485 309 185 379 180 587   0   0   0   0   0   0   0   0   0   0   0   0
   0   0   0   0   0   0   0]
[924 637 837 187 587   0   0   0   0   0   0   0   0   0   0   0   0   0
   0   0   0   0   0   0   0]
[819 153 791 587   0   0   0   0   0   0   0   0   0   0   0   0   0   0
   0   0   0   0   0   0   0]
[212 815 587   0   0   0   0   0   0   0   0   0   0   0   0   0   0   0
   0   0   0   0   0   0   0]
[ 61 616 587   0   0   0   0   0   0   0   0   0   0   0   0   0   0   0
   0   0   0   0   0   0   0]
[ 88 147 379 587   0   0   0   0   0   0   0   0   0   0   0   0   0   0
   0   0   0   0   0   0   0]
[929 351 294 587   0   0   0   0   0   0   0   0   0   0   0   0   0   0
   0   0   0   0   0   0   0]
[551 351 467 587   0   0   0   0   0   0   0   0   0   0   0   0   0   0
   0   0   0   0   0   0   0]
[705 677 180 587   0   0   0   0   0   0   0   0   0   0   0   0   0   0
   0   0   0   0   0   0   0]
[321 742 587   0   0   0   0   0   0   0   0   0   0   0   0   0   0   0
   0   0   0   0   0   0   0]
[940 229 865 587   0   0   0   0   0   0   0   0   0   0   0   0   0   0
   0   0   0   0   0   0   0]
[592 289 913 138 587   0   0   0   0   0   0   0   0   0   0   0   0   0
   0   0   0   0   0   0   0]
[ 57   5 143 172 587   0   0   0   0   0   0   0   0   0   0   0   0   0
   0   0   0   0   0   0   0]
[247 807 800 126 587   0   0   0   0   0   0   0   0   0   0   0   0   0
   0   0   0   0   0   0   0]
[430 317 595 494 587   0   0   0   0   0   0   0   0   0   0   0   0   0
   0   0   0   0   0   0   0]
[ 75   9 291 587   0   0   0   0   0   0   0   0   0   0   0   0   0   0
   0   0   0   0   0   0   0]
[ 75 241 988  41   5 587   0   0   0   0   0   0   0   0   0   0   0   0
   0   0   0   0   0   0   0]
[541 417 819 112 587   0   0   0   0   0   0   0   0   0   0   0   0   0
   0   0   0   0   0   0   0]
[417 219 419 644  44 848 142 341 587   0   0   0   0   0   0   0   0   0
   0   0   0   0   0   0   0]
[291 532 141 374 587   0   0   0   0   0   0   0   0   0   0   0   0   0
   0   0   0   0   0   0   0]
